n_condition_clusters= 40 n_tag_clusters= 40 n_symptom_clusters= 40
train:  (0.9222137983320697, 0.7702146520610397, 0.8393886071145152)
test:  (0.34430176565008025, 0.25021872265966755, 0.2898159094747509)
train:  (0.9154851485148515, 0.7318432216804913, 0.8134281089450349)
test:  (0.38318168476665687, 0.25381549528531155, 0.30536225951698726)
train:  (0.9150707743547044, 0.6958779205977331, 0.7905621695500485)
test:  (0.40414012738853505, 0.24671916010498687, 0.30639222550854106)
train:  (0.8987807064730141, 0.6347749002722726, 0.7440531413515419)
test:  (0.4368985936343449, 0.2295129775444736, 0.30093684277611366)
train:  (0.8888681359731042, 0.602672069904388, 0.718312516508811)
test:  (0.4456062738789463, 0.21541751725478758, 0.29043250327653997)
train:  (0.8860108749382106, 0.5674665991261951, 0.6918326385672379)
test:  (0.4805081033727551, 0.21327889569359385, 0.2954285329563051)
train:  (0.8528683245813931, 0.5450516051415184, 0.6650699219655413)
test:  (0.5028487022578603, 0.23165159910566735, 0.31718354851590574)
